1261.3106689453125,356.17724609375,1.0,0.667,1.0,2
1241.23486328125,307.6158447265625,0.466,0.674,0.188,2
935.87158203125,478.72821044921875,0.143,0.143,0.143,2
472.6778564453125,563.1409912109375,1.0,0.333,1.0,2
512.4718017578125,201.8836212158203,0.667,0.333,0.5,2
1175.53564453125,192.0790252685547,0.0,1.0,0.5,2
843.048583984375,439.08770751953125,1.0,0.0,0.0,2
1360.952880859375,653.4319458007812,0.0,0.0,0.333,1
823.777587890625,746.8765869140625,0.0,0.667,0.0,1
330.04693603515625,35.43379211425781,0.5,0.0,0.0,2
560.4454956054688,92.55586242675781,1.0,0.0,1.0,1
1066.2928466796875,117.43341827392578,0.667,0.667,0.5,1
664.7060546875,161.3471221923828,0.85,0.325,0.098,2
1074.3955078125,327.7507019042969,1.0,0.5,0.0,2
792.712890625,569.61181640625,0.667,0.0,0.5,1
820.3544311523438,321.539306640625,0.466,0.674,0.188,1
1338.2630615234375,525.2301025390625,0.333,0.333,1.0,2
964.784423828125,233.8978729248047,1.0,0.333,0.5,2
139.57733154296875,404.2990417480469,0.0,1.0,0.0,2
268.90301513671875,222.86279296875,0.143,0.143,0.143,1
931.9539184570312,297.30218505859375,0.466,0.674,0.188,2
966.9229736328125,352.1649169921875,0.667,0.333,0.0,2
580.3883666992188,367.01812744140625,0.0,0.0,0.333,1
688.3775634765625,27.65267562866211,0.0,0.333,1.0,2
1205.4091796875,753.123046875,0.333,0.667,1.0,2
838.311279296875,25.296201705932617,1.0,0.667,1.0,1

939.7487182617188,477.958740234375,0.143,0.143,0.143,2
1237.6630859375,307.5954895019531,0.466,0.674,0.188,2
1261.3515625,356.16571044921875,1.0,0.667,1.0,2
472.6711730957031,563.1458740234375,1.0,0.333,1.0,2
512.5028076171875,201.87127685546875,0.667,0.333,0.5,2
1175.523681640625,192.1617889404297,0.0,1.0,0.5,2
1360.9493408203125,653.3969116210938,0.0,0.0,0.333,1
842.9118041992188,439.18658447265625,1.0,0.0,0.0,2
823.7601928710938,746.860107421875,0.0,0.667,0.0,1
664.704345703125,162.04840087890625,0.85,0.325,0.098,2
560.4439697265625,92.51806640625,1.0,0.0,1.0,1
330.14453125,34.51105499267578,0.5,0.0,0.0,2
1066.30908203125,117.45242309570312,0.667,0.667,0.5,1
792.7594604492188,569.6312255859375,0.667,0.0,0.5,1
820.3564453125,321.52734375,0.466,0.674,0.188,1
1074.3878173828125,327.7823791503906,1.0,0.5,0.0,2
964.800048828125,233.8912353515625,1.0,0.333,0.5,2
1338.2880859375,525.147705078125,0.333,0.333,1.0,2
139.59481811523438,404.3330078125,0.0,1.0,0.0,2
268.9217529296875,222.966796875,0.143,0.143,0.143,1
931.4630126953125,297.38958740234375,0.466,0.674,0.188,2
966.9127197265625,352.13275146484375,0.667,0.333,0.0,2
580.40478515625,366.5096740722656,0.0,0.0,0.333,1
688.4552612304688,27.709484100341797,0.0,0.333,1.0,2
1205.402099609375,753.1089477539062,0.333,0.667,1.0,2
838.32861328125,25.260791778564453,1.0,0.667,1.0,1

664.5345458984375,161.16909790039062,0.85,0.325,0.098,2
937.4176025390625,477.118408203125,0.143,0.143,0.143,2
1259.914794921875,355.2722473144531,1.0,0.667,1.0,2
1238.1248779296875,308.05401611328125,0.466,0.674,0.188,2
840.8342895507812,437.9344482421875,1.0,0.0,0.0,2
473.5631103515625,562.9903564453125,1.0,0.333,1.0,1
1176.2783203125,191.3505859375,0.0,1.0,0.5,2
512.4039306640625,202.0526580810547,0.667,0.333,0.5,2
823.7891235351562,747.3900146484375,0.0,0.667,0.0,1
1360.725830078125,652.3360595703125,0.0,0.0,0.333,1
560.461669921875,92.48320007324219,1.0,0.0,1.0,1
330.089599609375,35.15830993652344,0.5,0.0,0.0,2
1076.886962890625,325.2919006347656,1.0,0.5,0.0,1
1337.8179931640625,525.468017578125,0.333,0.333,1.0,2
789.4268798828125,569.2454833984375,0.667,0.0,0.5,2
139.55613708496094,404.0185546875,0.0,1.0,0.0,2
1066.64404296875,116.90735626220703,0.667,0.667,0.5,1
965.2345581054688,233.94241333007812,1.0,0.333,0.5,2
820.29736328125,319.0374755859375,0.466,0.674,0.188,1
967.9576416015625,350.84197998046875,0.667,0.333,0.0,2
268.97735595703125,223.5262908935547,0.143,0.143,0.143,1
932.83447265625,297.7525634765625,0.466,0.674,0.188,2
580.2869873046875,366.4122619628906,0.0,0.0,0.333,1
688.4963989257812,27.722610473632812,0.0,0.333,1.0,2
1205.4404296875,752.1947021484375,0.333,0.667,1.0,2
838.1985473632812,25.97113037109375,1.0,0.667,1.0,1
615.45556640625,18.46326446533203,1.0,0.0,0.0,2

664.537109375,161.6460418701172,0.85,0.325,0.098,2
936.9533081054688,477.02886962890625,0.143,0.143,0.143,2
1259.9000244140625,355.0963134765625,1.0,0.667,1.0,2
1238.1116943359375,308.04913330078125,0.466,0.674,0.188,2
840.8093872070312,437.9588317871094,1.0,0.0,0.0,2
473.57647705078125,563.440185546875,1.0,0.333,1.0,2
1176.2880859375,190.80551147460938,0.0,1.0,0.5,2
512.39599609375,202.07998657226562,0.667,0.333,0.5,2
823.824462890625,747.374755859375,0.0,0.667,0.0,1
1361.229736328125,652.2913208007812,0.0,0.0,0.333,1
560.4537353515625,92.99441528320312,1.0,0.0,1.0,1
330.06695556640625,35.37632751464844,0.5,0.0,0.0,2
1337.83935546875,525.452392578125,0.333,0.333,1.0,2
1076.88671875,325.3393249511719,1.0,0.5,0.0,1
789.4178466796875,569.2210693359375,0.667,0.0,0.5,1
139.5609588623047,403.94384765625,0.0,1.0,0.0,1
1066.1136474609375,116.88077545166016,0.667,0.667,0.5,1
965.1421508789062,234.465087890625,1.0,0.333,0.5,2
268.79742431640625,223.5356903076172,0.143,0.143,0.143,1
816.404052734375,319.5142517089844,0.466,0.674,0.188,1
967.9554443359375,350.82977294921875,0.667,0.333,0.0,2
932.7322998046875,297.7774353027344,0.466,0.674,0.188,2
580.29296875,366.4361572265625,0.0,0.0,0.333,1
694.3619995117188,27.70623016357422,0.0,0.333,1.0,1
1205.4007568359375,752.2089233398438,0.333,0.667,1.0,2
838.1956787109375,25.97475814819336,1.0,0.667,1.0,1

1238.013671875,307.77899169921875,0.466,0.674,0.188,2
1260.0164794921875,354.46063232421875,1.0,0.667,1.0,2
660.3660278320312,163.47703552246094,0.85,0.325,0.098,2
1176.7030029296875,191.36737060546875,0.0,1.0,0.5,2
1361.064208984375,652.9157104492188,0.0,0.0,0.333,1
788.28369140625,569.99462890625,0.667,0.0,0.5,1
329.9595947265625,35.02850341796875,0.5,0.0,0.0,2
823.7037353515625,747.72998046875,0.0,0.667,0.0,1
512.2708740234375,202.5015869140625,0.667,0.333,0.5,2
838.340576171875,436.96478271484375,1.0,0.0,0.0,2
935.3192138671875,476.9578552246094,0.143,0.143,0.143,2
1076.5712890625,323.2320556640625,1.0,0.5,0.0,1
560.49560546875,92.85858154296875,1.0,0.0,1.0,1
1338.45556640625,525.8853759765625,0.333,0.333,1.0,2
1066.228515625,118.83037567138672,0.667,0.667,0.5,1
475.4691162109375,563.798583984375,1.0,0.333,1.0,2
139.49026489257812,404.184814453125,0.0,1.0,0.0,2
268.205810546875,222.8584442138672,0.143,0.143,0.143,1
969.0872802734375,350.52117919921875,0.667,0.333,0.0,2
965.6160888671875,233.95993041992188,1.0,0.333,0.5,2
929.977294921875,295.94537353515625,0.466,0.674,0.188,2
817.0692138671875,320.75531005859375,0.466,0.674,0.188,1
1204.962646484375,752.50146484375,0.333,0.667,1.0,2
688.5509643554688,27.745386123657227,0.0,0.333,1.0,2
838.3240966796875,25.961013793945312,1.0,0.667,1.0,1
579.489013671875,365.8135681152344,0.0,0.0,0.333,1
231.623046875,114.27798461914062,0.143,0.143,0.143,2

1238.019287109375,307.773193359375,0.466,0.674,0.188,2
1260.510986328125,354.41741943359375,1.0,0.667,1.0,2
660.3841552734375,163.4736328125,0.85,0.325,0.098,2
1177.20654296875,191.3665771484375,0.0,1.0,0.5,2
1361.07568359375,652.9381713867188,0.0,0.0,0.333,1
823.69580078125,747.7311401367188,0.0,0.667,0.0,1
788.3038330078125,570.0145263671875,0.667,0.0,0.5,1
512.2777709960938,202.51576232910156,0.667,0.333,0.5,2
838.36767578125,437.0069274902344,1.0,0.0,0.0,2
935.3322143554688,476.9618225097656,0.143,0.143,0.143,2
330.01373291015625,35.19715881347656,0.5,0.0,0.0,2
1076.449462890625,323.2184143066406,1.0,0.5,0.0,1
560.48193359375,92.85765838623047,1.0,0.0,1.0,1
1338.439208984375,525.899658203125,0.333,0.333,1.0,2
475.45172119140625,563.802490234375,1.0,0.333,1.0,2
1066.447509765625,118.80227661132812,0.667,0.667,0.5,1
139.49110412597656,404.177734375,0.0,1.0,0.0,2
268.19354248046875,222.84463500976562,0.143,0.143,0.143,1
969.06298828125,350.52880859375,0.667,0.333,0.0,2
965.6175537109375,234.01052856445312,1.0,0.333,0.5,2
929.964111328125,295.9058532714844,0.466,0.674,0.188,2
817.0672607421875,320.7614440917969,0.466,0.674,0.188,1
1204.960205078125,752.501953125,0.333,0.667,1.0,2
688.553955078125,27.729904174804688,0.0,0.333,1.0,2
838.3196411132812,25.96261978149414,1.0,0.667,1.0,1
579.4895629882812,365.82421875,0.0,0.0,0.333,1
231.62197875976562,114.28125762939453,0.143,0.143,0.143,2
102.75376892089844,729.13623046875,0.667,0.0,1.0,1

1238.408447265625,308.09820556640625,0.466,0.674,0.188,2
1258.91552734375,354.1549377441406,1.0,0.667,1.0,2
932.7291870117188,478.236328125,0.143,0.143,0.143,2
1176.0772705078125,190.87313842773438,0.0,1.0,0.5,2
477.681640625,563.5773315429688,1.0,0.333,1.0,1
512.305908203125,202.65524291992188,0.667,0.333,0.5,2
785.906005859375,570.2166748046875,0.667,0.0,0.5,1
660.570068359375,163.47816467285156,0.85,0.325,0.098,2
823.5836181640625,747.6904296875,0.0,0.667,0.0,1
329.9791259765625,35.4553337097168,0.5,0.0,0.0,2
1361.006591796875,652.95947265625,0.0,0.0,0.333,1
1338.0262451171875,526.73486328125,0.333,0.333,1.0,2
560.1220092773438,93.05575561523438,1.0,0.0,1.0,1
1204.36279296875,752.0289306640625,0.333,0.667,1.0,2
835.5191650390625,436.76617431640625,1.0,0.0,0.0,2
965.6586303710938,234.082763671875,1.0,0.333,0.5,2
930.2660522460938,298.5257568359375,0.466,0.674,0.188,2
1081.419921875,322.2073974609375,1.0,0.5,0.0,1
1067.4443359375,116.72928619384766,0.667,0.667,0.5,1
272.09576416015625,221.91563415527344,0.143,0.143,0.143,1
970.0472412109375,350.46435546875,0.667,0.333,0.0,2
139.5500946044922,404.0704345703125,0.0,1.0,0.0,1
814.0186157226562,322.3735656738281,0.466,0.674,0.188,1
688.6181030273438,27.741331100463867,0.0,0.333,1.0,2
838.2935791015625,25.035221099853516,1.0,0.667,1.0,1
578.8693237304688,365.99224853515625,0.0,0.0,0.333,1
231.4450225830078,114.46343231201172,0.143,0.143,0.143,2

1238.403564453125,308.0997009277344,0.466,0.674,0.188,2
1258.92578125,354.1572265625,1.0,0.667,1.0,2
932.7305908203125,478.273193359375,0.143,0.143,0.143,2
1176.076171875,190.89266967773438,0.0,1.0,0.5,2
477.6610412597656,563.5740966796875,1.0,0.333,1.0,1
512.3314208984375,202.6497344970703,0.667,0.333,0.5,2
660.556884765625,163.4720458984375,0.85,0.325,0.098,2
785.899169921875,570.245361328125,0.667,0.0,0.5,1
823.5814208984375,747.1958618164062,0.0,0.667,0.0,1
329.9771728515625,35.45702362060547,0.5,0.0,0.0,2
1361.01806640625,652.934326171875,0.0,0.0,0.333,1
1338.0322265625,526.732177734375,0.333,0.333,1.0,2
1204.37548828125,752.0302734375,0.333,0.667,1.0,2
560.1153564453125,93.04617309570312,1.0,0.0,1.0,1
965.6719970703125,234.07595825195312,1.0,0.333,0.5,2
835.477294921875,436.7765808105469,1.0,0.0,0.0,2
930.2225341796875,298.52276611328125,0.466,0.674,0.188,2
1081.3935546875,322.502685546875,1.0,0.5,0.0,1
1067.44384765625,116.73591613769531,0.667,0.667,0.5,1
272.07843017578125,221.68104553222656,0.143,0.143,0.143,1
970.0460205078125,350.4751892089844,0.667,0.333,0.0,2
139.55067443847656,404.0527648925781,0.0,1.0,0.0,1
815.051513671875,322.3985595703125,0.466,0.674,0.188,1
688.6195068359375,27.73694610595703,0.0,0.333,1.0,2
838.2948608398438,25.539222717285156,1.0,0.667,1.0,1
578.86328125,366.048828125,0.0,0.0,0.333,1
231.44180297851562,114.47268676757812,0.143,0.143,0.143,2

480.39385986328125,563.7882080078125,1.0,0.333,1.0,1
1237.88818359375,308.66448974609375,0.466,0.674,0.188,2
931.6724853515625,477.9371337890625,0.143,0.143,0.143,2
1258.479248046875,353.29241943359375,1.0,0.667,1.0,2
511.83905029296875,202.4779510498047,0.667,0.333,0.5,2
1174.815185546875,191.16900634765625,0.0,1.0,0.5,2
785.1607055664062,570.3446655273438,0.667,0.0,0.5,1
330.43328857421875,34.531585693359375,0.5,0.0,0.0,2
823.7890625,747.24658203125,0.0,0.667,0.0,1
663.3050537109375,163.0684356689453,0.85,0.325,0.098,2
831.0574951171875,436.2385559082031,1.0,0.0,0.0,2
931.6130981445312,297.85321044921875,0.466,0.674,0.188,2
1204.5260009765625,751.503173828125,0.333,0.667,1.0,2
1361.18994140625,653.169921875,0.0,0.0,0.333,1
1338.26953125,527.66162109375,0.333,0.333,1.0,2
560.1290893554688,92.16020202636719,1.0,0.0,1.0,1
1068.439697265625,116.61056518554688,0.667,0.667,0.5,1
971.0028076171875,349.09393310546875,0.667,0.333,0.0,2
965.60302734375,233.80789184570312,1.0,0.333,0.5,2
272.06378173828125,221.7804718017578,0.143,0.143,0.143,1
139.36671447753906,404.1924133300781,0.0,1.0,0.0,2
1083.4398193359375,321.9753112792969,1.0,0.5,0.0,1
817.3479614257812,328.885009765625,0.466,0.674,0.188,1
688.645751953125,27.73312759399414,0.0,0.333,1.0,2
581.5084228515625,366.181396484375,0.0,0.0,0.333,2
837.9977416992188,24.66672134399414,1.0,0.667,1.0,1
102.63137817382812,728.6641845703125,0.667,0.0,1.0,1

1258.7696533203125,353.1734619140625,1.0,0.667,1.0,2
930.7799072265625,477.1957702636719,0.143,0.143,0.143,2
828.6953125,435.4261779785156,1.0,0.0,0.0,2
783.856689453125,570.162109375,0.667,0.0,0.5,1
1239.07958984375,308.5057678222656,0.466,0.674,0.188,2
1173.5557861328125,191.4306640625,0.0,1.0,0.5,2
482.6622619628906,564.6851806640625,1.0,0.333,1.0,1
512.313232421875,202.7203826904297,0.667,0.333,0.5,2
330.474365234375,34.25750732421875,0.5,0.0,0.0,2
823.68310546875,747.2989501953125,0.0,0.667,0.0,1
662.9132080078125,163.0038604736328,0.85,0.325,0.098,2
1082.1683349609375,321.959228515625,1.0,0.5,0.0,1
1362.41357421875,653.18701171875,0.0,0.0,0.333,1
271.65228271484375,222.06008911132812,0.143,0.143,0.143,1
927.264892578125,297.91607666015625,0.466,0.674,0.188,2
560.8087158203125,92.10489654541016,1.0,0.0,1.0,1
1204.815673828125,750.7667846679688,0.333,0.667,1.0,2
965.4517822265625,234.19276428222656,1.0,0.333,0.5,2
1338.413330078125,528.3540649414062,0.333,0.333,1.0,2
139.4762420654297,404.07012939453125,0.0,1.0,0.0,2
1069.3739013671875,117.26107788085938,0.667,0.667,0.5,1
975.03271484375,348.2748718261719,0.667,0.333,0.0,2
101.85507202148438,728.2846069335938,0.667,0.0,1.0,1
811.2055053710938,322.1546325683594,0.466,0.674,0.188,1
688.593994140625,27.74795913696289,0.0,0.333,1.0,2
837.9539794921875,24.692272186279297,1.0,0.667,1.0,1
580.7393798828125,365.86541748046875,0.0,0.0,0.333,1
231.43402099609375,113.9394760131836,0.143,0.143,0.143,1

782.8365478515625,570.2415771484375,0.667,0.0,0.5,1
511.3428955078125,203.2107696533203,0.667,0.333,0.5,2
928.9132080078125,475.7392578125,0.143,0.143,0.143,2
1239.58251953125,308.0676574707031,0.466,0.674,0.188,2
330.4119873046875,34.981082916259766,0.5,0.0,0.0,2
926.185546875,298.07476806640625,0.466,0.674,0.188,2
1173.17919921875,190.6069793701172,0.0,1.0,0.5,2
821.4283447265625,435.01806640625,1.0,0.0,0.0,2
824.2720947265625,747.7169799804688,0.0,0.667,0.0,1
1205.541015625,751.318115234375,0.333,0.667,1.0,2
484.9373779296875,565.17529296875,1.0,0.333,1.0,1
1362.863525390625,653.36767578125,0.0,0.0,0.333,1
965.9679565429688,234.09710693359375,1.0,0.333,0.5,2
1258.464111328125,352.77911376953125,1.0,0.667,1.0,2
659.83984375,161.886474609375,0.85,0.325,0.098,2
272.1496276855469,221.9911346435547,0.143,0.143,0.143,1
1337.654296875,528.1478881835938,0.333,0.333,1.0,2
559.826904296875,92.85609436035156,1.0,0.0,1.0,1
139.37229919433594,404.3799743652344,0.0,1.0,0.0,1
1085.679931640625,324.189208984375,1.0,0.5,0.0,1
809.2896118164062,321.58544921875,0.466,0.674,0.188,1
976.34521484375,346.2530822753906,0.667,0.333,0.0,2
1068.96533203125,118.65003967285156,0.667,0.667,0.5,1
688.5667114257812,27.737096786499023,0.0,0.333,1.0,2
101.54371643066406,726.0888061523438,0.667,0.0,1.0,1
581.02734375,366.45794677734375,0.0,0.0,0.333,2
838.47216796875,24.990585327148438,1.0,0.667,1.0,1
231.43145751953125,114.46781921386719,0.143,0.143,0.143,2
615.4065551757812,15.885387420654297,0.0,0.5,0.0,2

782.1258544921875,570.6261596679688,0.667,0.0,0.5,1
486.939697265625,565.5074462890625,1.0,0.333,1.0,1
1260.546875,351.9114685058594,1.0,0.667,1.0,2
1240.0594482421875,308.33489990234375,0.466,0.674,0.188,2
506.8939514160156,203.15322875976562,0.667,0.333,0.5,2
1173.15625,190.4712371826172,0.0,1.0,0.5,2
925.858154296875,298.3411560058594,0.466,0.674,0.188,2
824.2210693359375,746.7908935546875,0.0,0.667,0.0,1
1337.9930419921875,528.2928466796875,0.333,0.333,1.0,2
1362.737548828125,653.5093383789062,0.0,0.0,0.333,1
820.009033203125,431.800048828125,1.0,0.0,0.0,2
966.5731811523438,234.60043334960938,1.0,0.333,0.5,2
927.1686401367188,475.30535888671875,0.143,0.143,0.143,2
268.458740234375,222.0950164794922,0.143,0.143,0.143,1
329.9139404296875,34.787445068359375,0.5,0.0,0.0,2
560.3489990234375,92.58797454833984,1.0,0.0,1.0,1
1204.9425048828125,751.662353515625,0.333,0.667,1.0,2
1089.46337890625,323.16900634765625,1.0,0.5,0.0,1
139.44680786132812,404.5841064453125,0.0,1.0,0.0,1
806.125732421875,319.2586669921875,0.466,0.674,0.188,1
978.146728515625,352.270751953125,0.667,0.333,0.0,1
1069.761474609375,118.70555877685547,0.667,0.667,0.5,1
658.97900390625,161.41317749023438,0.85,0.325,0.098,2
688.59228515625,27.745162963867188,0.0,0.333,1.0,2
580.72265625,366.90576171875,0.0,0.0,0.333,2
837.9522094726562,24.68136978149414,1.0,0.667,1.0,1
231.44305419921875,114.47669982910156,0.143,0.143,0.143,2
101.41654968261719,730.8095703125,0.667,0.0,1.0,1

781.530517578125,571.17578125,0.667,0.0,0.5,2
489.517578125,566.6287841796875,1.0,0.333,1.0,2
923.5933837890625,298.2764892578125,0.466,0.674,0.188,2
1174.4171142578125,190.31094360351562,0.0,1.0,0.5,2
1239.861083984375,308.0953369140625,0.466,0.674,0.188,2
1338.3140869140625,528.5289306640625,0.333,0.333,1.0,2
1363.4652099609375,653.1322631835938,0.0,0.0,0.333,1
928.2788696289062,475.493896484375,0.143,0.143,0.143,2
325.1727294921875,34.919517517089844,0.5,0.0,0.0,2
824.154541015625,746.8353271484375,0.0,0.667,0.0,1
506.2666931152344,202.5054931640625,0.667,0.333,0.5,2
1259.701904296875,352.59722900390625,1.0,0.667,1.0,2
1070.877685546875,118.2650146484375,0.667,0.667,0.5,1
560.4462890625,92.37362670898438,1.0,0.0,1.0,1
817.1678466796875,432.90472412109375,1.0,0.0,0.0,2
268.90667724609375,222.1397247314453,0.143,0.143,0.143,1
808.4833374023438,327.4019470214844,0.466,0.674,0.188,1
966.6563110351562,235.00241088867188,1.0,0.333,0.5,2
1208.737548828125,751.52490234375,0.333,0.667,1.0,2
1089.32470703125,320.72320556640625,1.0,0.5,0.0,1
139.9244384765625,404.5220947265625,0.0,1.0,0.0,1
657.4141845703125,161.24862670898438,0.85,0.325,0.098,2
974.0248413085938,343.5556640625,0.667,0.333,0.0,2
580.87109375,366.64984130859375,0.0,0.0,0.333,2
694.3917236328125,28.325820922851562,0.0,0.333,1.0,1
838.4031372070312,24.604257583618164,1.0,0.667,1.0,1
100.79454040527344,726.4151000976562,0.667,0.0,1.0,1
231.47015380859375,114.49148559570312,0.143,0.143,0.143,2

780.5364990234375,570.8778686523438,0.667,0.0,0.5,1
1170.771484375,191.35964965820312,0.0,1.0,0.5,2
824.3704833984375,747.7784423828125,0.0,0.667,0.0,1
928.90966796875,474.9971008300781,0.143,0.143,0.143,2
921.62744140625,299.53167724609375,0.466,0.674,0.188,2
325.66925048828125,35.004241943359375,0.5,0.0,0.0,2
1242.7265625,307.98065185546875,0.466,0.674,0.188,2
491.2679748535156,565.3484497070312,1.0,0.333,1.0,2
1338.0963134765625,527.9632568359375,0.333,0.333,1.0,2
1259.4725341796875,352.9573974609375,1.0,0.667,1.0,2
1363.1641845703125,653.6039428710938,0.0,0.0,0.333,1
815.4766235351562,434.5396728515625,1.0,0.0,0.0,2
511.22930908203125,202.59884643554688,0.667,0.333,0.5,2
1209.65283203125,752.46142578125,0.333,0.667,1.0,2
1072.6983642578125,118.49568176269531,0.667,0.667,0.5,1
560.0782470703125,92.12747192382812,1.0,0.0,1.0,1
268.197265625,223.56158447265625,0.143,0.143,0.143,1
657.73779296875,162.896240234375,0.85,0.325,0.098,2
1092.22216796875,318.45257568359375,1.0,0.5,0.0,1
966.4228515625,234.61273193359375,1.0,0.333,0.5,2
139.8316650390625,403.97998046875,0.0,1.0,0.0,1
974.321533203125,344.0538330078125,0.667,0.333,0.0,2
804.1837158203125,322.78179931640625,0.466,0.674,0.188,1
581.7412109375,366.659423828125,0.0,0.0,0.333,2
694.3983154296875,28.340341567993164,0.0,0.333,1.0,1
838.2431640625,25.188488006591797,1.0,0.667,1.0,1
100.4017105102539,726.0599975585938,0.667,0.0,1.0,1
231.47145080566406,114.49372100830078,0.143,0.143,0.143,2

779.484619140625,571.0690307617188,0.667,0.0,0.5,1
918.2522583007812,298.36968994140625,0.466,0.674,0.188,2
1171.838623046875,191.81777954101562,0.0,1.0,0.5,2
824.6207275390625,747.820068359375,0.0,0.667,0.0,1
326.17431640625,34.79960632324219,0.5,0.0,0.0,2
1239.8565673828125,307.9352722167969,0.466,0.674,0.188,2
490.4811706542969,563.3516235351562,1.0,0.333,1.0,2
810.63427734375,435.7230224609375,1.0,0.0,0.0,2
928.72216796875,474.029296875,0.143,0.143,0.143,2
506.113525390625,202.6529998779297,0.667,0.333,0.5,2
1363.27001953125,653.6105346679688,0.0,0.0,0.333,1
1337.993896484375,527.826904296875,0.333,0.333,1.0,2
1072.7265625,118.83196258544922,0.667,0.667,0.5,1
1261.083740234375,352.2029113769531,1.0,0.667,1.0,2
267.6337890625,223.76339721679688,0.143,0.143,0.143,1
800.9046630859375,317.6002502441406,0.466,0.674,0.188,1
139.78602600097656,404.7057800292969,0.0,1.0,0.0,1
656.7803344726562,163.55886840820312,0.85,0.325,0.098,2
560.2666015625,92.05736541748047,1.0,0.0,1.0,1
975.614990234375,342.197998046875,0.667,0.333,0.0,2
1093.9853515625,317.3761291503906,1.0,0.5,0.0,1
967.3211669921875,234.6399688720703,1.0,0.333,0.5,2
1211.281982421875,752.6539916992188,0.333,0.667,1.0,2
581.7120361328125,367.063232421875,0.0,0.0,0.333,2
98.92157745361328,728.8282470703125,0.667,0.0,1.0,1
694.4032592773438,28.316242218017578,0.0,0.333,1.0,1
838.237548828125,25.26382064819336,1.0,0.667,1.0,1
231.48291015625,114.53022003173828,0.143,0.143,0.143,2

778.9779052734375,571.615234375,0.667,0.0,0.5,2
1170.405029296875,191.572265625,0.0,1.0,0.5,2
807.93115234375,437.73797607421875,1.0,0.0,0.0,2
492.3117370605469,559.7374267578125,1.0,0.333,1.0,1
325.1939697265625,35.031307220458984,0.5,0.0,0.0,2
1239.5142822265625,307.8849182128906,0.466,0.674,0.188,2
824.389892578125,747.6282958984375,0.0,0.667,0.0,1
800.845458984375,316.3272705078125,0.466,0.674,0.188,1
914.1373291015625,298.89703369140625,0.466,0.674,0.188,2
1338.400634765625,528.3575439453125,0.333,0.333,1.0,2
1363.435302734375,653.7471313476562,0.0,0.0,0.333,1
506.0008544921875,201.84500122070312,0.667,0.333,0.5,2
1259.69921875,352.5665283203125,1.0,0.667,1.0,2
651.1319580078125,164.90550231933594,0.85,0.325,0.098,2
931.931396484375,473.47821044921875,0.143,0.143,0.143,2
268.2303466796875,223.22991943359375,0.143,0.143,0.143,1
139.71481323242188,404.7638854980469,0.0,1.0,0.0,1
1094.7076416015625,317.33197021484375,1.0,0.5,0.0,1
1072.96240234375,118.88926696777344,0.667,0.667,0.5,1
967.608642578125,234.60113525390625,1.0,0.333,0.5,2
561.0513305664062,90.76396179199219,1.0,0.0,1.0,1
976.0621948242188,343.12353515625,0.667,0.333,0.0,2
1213.8594970703125,752.2636108398438,0.333,0.667,1.0,2
581.505126953125,366.7588806152344,0.0,0.0,0.333,2
694.3952026367188,28.327362060546875,0.0,0.333,1.0,1
838.054931640625,25.268795013427734,1.0,0.667,1.0,1
98.70263671875,726.8346557617188,0.667,0.0,1.0,1
231.48236083984375,114.52426147460938,0.143,0.143,0.143,2

779.4964599609375,572.79638671875,0.667,0.0,0.5,1
1170.173095703125,191.20826721191406,0.0,1.0,0.5,2
799.2943115234375,314.29461669921875,0.466,0.674,0.188,1
655.5812377929688,165.56666564941406,0.85,0.325,0.098,2
325.2208251953125,35.370792388916016,0.5,0.0,0.0,2
510.14410400390625,201.6830596923828,0.667,0.333,0.5,2
493.5860595703125,559.6433715820312,1.0,0.333,1.0,2
1239.8154296875,307.9145202636719,0.466,0.674,0.188,2
824.6475830078125,747.71240234375,0.0,0.667,0.0,1
935.364501953125,472.387451171875,0.143,0.143,0.143,2
1338.6328125,527.83251953125,0.333,0.333,1.0,2
1259.65234375,352.5487060546875,1.0,0.667,1.0,2
1364.71875,654.0966796875,0.0,0.0,0.333,1
968.134521484375,234.4733123779297,1.0,0.333,0.5,2
268.08135986328125,223.50531005859375,0.143,0.143,0.143,1
561.0889892578125,92.12663269042969,1.0,0.0,1.0,1
804.37890625,439.257568359375,1.0,0.0,0.0,2
1096.4083251953125,317.21514892578125,1.0,0.5,0.0,1
976.697021484375,342.5159912109375,0.667,0.333,0.0,2
139.76959228515625,404.4196472167969,0.0,1.0,0.0,1
911.6703491210938,300.0882263183594,0.466,0.674,0.188,2
1215.89404296875,751.7203369140625,0.333,0.667,1.0,2
1073.177734375,118.33256530761719,0.667,0.667,0.5,1
581.1756591796875,366.57513427734375,0.0,0.0,0.333,2
688.42626953125,28.301654815673828,0.0,0.333,1.0,1
838.0384521484375,25.270000457763672,1.0,0.667,1.0,1
98.17906188964844,727.1820678710938,0.667,0.0,1.0,1
231.47964477539062,114.53099822998047,0.143,0.143,0.143,2
1058.9134521484375,7.859559059143066,0.0,0.0,1.0,2

779.326416015625,574.6092529296875,0.667,0.0,0.5,2
1171.9970703125,191.1296844482422,0.0,1.0,0.5,2
497.32489013671875,559.4669799804688,1.0,0.333,1.0,1
798.4385986328125,313.55145263671875,0.466,0.674,0.188,1
325.36712646484375,35.11493682861328,0.5,0.0,0.0,2
659.7435302734375,163.85687255859375,0.85,0.325,0.098,2
824.7203369140625,747.7294921875,0.0,0.667,0.0,1
1260.053955078125,352.68450927734375,1.0,0.667,1.0,2
510.16302490234375,202.02960205078125,0.667,0.333,0.5,2
1239.65576171875,307.9819030761719,0.466,0.674,0.188,2
1364.127197265625,653.71826171875,0.0,0.0,0.333,1
937.9952392578125,471.93194580078125,0.143,0.143,0.143,2
561.520751953125,92.15141296386719,1.0,0.0,1.0,1
1338.796630859375,527.71533203125,0.333,0.333,1.0,2
801.215576171875,439.6576843261719,1.0,0.0,0.0,2
267.64166259765625,223.52151489257812,0.143,0.143,0.143,1
968.3001098632812,234.9149932861328,1.0,0.333,0.5,2
1097.573486328125,315.94189453125,1.0,0.5,0.0,1
1073.6181640625,118.38491821289062,0.667,0.667,0.5,1
1217.90185546875,752.290771484375,0.333,0.667,1.0,2
977.0970458984375,343.7608642578125,0.667,0.333,0.0,2
909.3670654296875,303.1360778808594,0.466,0.674,0.188,2
140.25885009765625,404.7242126464844,0.0,1.0,0.0,1
581.4918823242188,366.5950927734375,0.0,0.0,0.333,2
97.09432983398438,728.1040649414062,0.667,0.0,1.0,1
837.9246826171875,25.132129669189453,1.0,0.667,1.0,1
691.2920532226562,24.714252471923828,0.0,0.333,1.0,1
612.553955078125,22.954261779785156,0.667,0.667,0.5,1
615.8650512695312,16.69806480407715,0.333,0.667,0.5,2
230.98873901367188,113.948974609375,0.143,0.143,0.143,2

778.83154296875,574.680908203125,0.667,0.0,0.5,1
1173.835693359375,190.59255981445312,0.0,1.0,0.5,2
500.3436279296875,559.6741943359375,1.0,0.333,1.0,1
798.8997802734375,440.3149719238281,1.0,0.0,0.0,2
325.2655944824219,35.2111930847168,0.5,0.0,0.0,2
798.128173828125,311.38720703125,0.466,0.674,0.188,1
1259.985595703125,352.4644775390625,1.0,0.667,1.0,2
1365.02294921875,653.9931030273438,0.0,0.0,0.333,1
510.023681640625,201.6911163330078,0.667,0.333,0.5,2
1073.019775390625,118.05213165283203,0.667,0.667,0.5,1
968.3002319335938,235.25045776367188,1.0,0.333,0.5,2
824.8057861328125,746.8659057617188,0.0,0.667,0.0,1
936.3765258789062,472.10943603515625,0.143,0.143,0.143,2
977.7415771484375,343.6876220703125,0.667,0.333,0.0,2
1101.442138671875,316.28155517578125,1.0,0.5,0.0,1
1239.73193359375,307.98492431640625,0.466,0.674,0.188,2
267.6593017578125,223.972412109375,0.143,0.143,0.143,1
561.7881469726562,92.51996612548828,1.0,0.0,1.0,1
654.68505859375,164.11810302734375,0.85,0.325,0.098,2
1338.958740234375,527.8023071289062,0.333,0.333,1.0,2
139.69822692871094,404.6402282714844,0.0,1.0,0.0,1
1220.7314453125,751.8262939453125,0.333,0.667,1.0,2
581.405517578125,367.2767639160156,0.0,0.0,0.333,2
909.613525390625,306.66680908203125,0.466,0.674,0.188,2
837.939208984375,25.28832244873047,1.0,0.667,1.0,1
612.5517578125,22.785789489746094,0.667,0.667,0.5,1
691.7760009765625,24.40756607055664,0.0,0.333,1.0,1
230.97377014160156,113.9527587890625,0.143,0.143,0.143,2
96.71281433105469,730.4597778320312,0.667,0.0,1.0,1

777.6693725585938,575.976318359375,0.667,0.0,0.5,1
1174.32666015625,190.2308807373047,0.0,1.0,0.5,2
496.6884765625,557.5346069335938,1.0,0.333,1.0,1
655.977294921875,165.05026245117188,0.85,0.325,0.098,2
329.83282470703125,34.860923767089844,0.5,0.0,0.0,2
940.423583984375,471.24169921875,0.143,0.143,0.143,2
824.8690185546875,747.3201293945312,0.0,0.667,0.0,1
1260.3863525390625,352.857421875,1.0,0.667,1.0,2
967.7894287109375,235.24249267578125,1.0,0.333,0.5,2
796.987060546875,441.0426330566406,1.0,0.0,0.0,2
1365.233154296875,653.3624877929688,0.0,0.0,0.333,1
1073.111572265625,117.44097137451172,0.667,0.667,0.5,1
1240.21630859375,308.1974792480469,0.466,0.674,0.188,2
504.74835205078125,202.18801879882812,0.667,0.333,0.5,2
795.3447265625,309.7096862792969,0.466,0.674,0.188,1
267.93994140625,223.3897705078125,0.143,0.143,0.143,1
1338.630615234375,527.8629760742188,0.333,0.333,1.0,2
561.4979248046875,92.89247131347656,1.0,0.0,1.0,1
977.4395751953125,343.8880920410156,0.667,0.333,0.0,2
906.448486328125,303.86993408203125,0.466,0.674,0.188,2
1099.293212890625,316.493896484375,1.0,0.5,0.0,1
139.66043090820312,404.2027587890625,0.0,1.0,0.0,1
581.2686767578125,366.489501953125,0.0,0.0,0.333,2
1222.8037109375,751.436279296875,0.333,0.667,1.0,2
837.9664916992188,25.244068145751953,1.0,0.667,1.0,1
696.7789306640625,23.903400421142578,0.0,0.333,1.0,1
612.290771484375,39.378204345703125,0.667,0.667,0.5,2
230.964599609375,113.9539566040039,0.143,0.143,0.143,2
96.38772583007812,727.4102783203125,0.667,0.0,1.0,1
1109.126220703125,12.250177383422852,0.667,0.667,1.0,1

777.1441650390625,577.1761474609375,0.667,0.0,0.5,2
796.6837158203125,441.331787109375,1.0,0.0,0.0,2
500.1083068847656,559.0076904296875,1.0,0.333,1.0,1
1172.2445068359375,190.51785278320312,0.0,1.0,0.5,2
656.3849487304688,165.54806518554688,0.85,0.325,0.098,2
942.7311401367188,470.4273681640625,0.143,0.143,0.143,2
794.3143310546875,306.557861328125,0.466,0.674,0.188,1
329.30889892578125,35.390174865722656,0.5,0.0,0.0,2
824.912353515625,747.7365112304688,0.0,0.667,0.0,1
970.896484375,235.6514892578125,1.0,0.333,0.5,2
977.16357421875,341.55926513671875,0.667,0.333,0.0,2
1365.512451171875,654.2245483398438,0.0,0.0,0.333,1
1260.0419921875,352.4710998535156,1.0,0.667,1.0,2
1239.997314453125,308.4278259277344,0.466,0.674,0.188,2
504.6983947753906,202.05487060546875,0.667,0.333,0.5,2
1100.2373046875,318.5975341796875,1.0,0.5,0.0,1
1072.7398681640625,117.97942352294922,0.667,0.667,0.5,1
267.922607421875,223.44149780273438,0.143,0.143,0.143,1
561.5155029296875,93.09236145019531,1.0,0.0,1.0,1
903.1614990234375,301.42669677734375,0.466,0.674,0.188,2
1339.0718994140625,527.928955078125,0.333,0.333,1.0,2
139.17153930664062,404.29443359375,0.0,1.0,0.0,1
1225.335205078125,749.3028564453125,0.333,0.667,1.0,1
580.8702392578125,366.8658447265625,0.0,0.0,0.333,1
837.9700317382812,25.17701530456543,1.0,0.667,1.0,1
696.8890380859375,24.002906799316406,0.0,0.333,1.0,1
614.2216186523438,37.513519287109375,0.667,0.667,0.5,2
230.9647216796875,113.95166015625,0.143,0.143,0.143,2
95.1859130859375,730.77294921875,0.667,0.0,1.0,1
1108.7845458984375,11.757360458374023,0.667,0.667,1.0,1

776.1028442382812,578.9085693359375,0.667,0.0,0.5,2
1172.0435791015625,188.8697509765625,0.0,1.0,0.5,2
500.7366638183594,559.3062744140625,1.0,0.333,1.0,2
977.9619140625,341.3955383300781,0.667,0.333,0.0,2
943.6560668945312,471.0052490234375,0.143,0.143,0.143,2
966.4794921875,235.0038299560547,1.0,0.333,0.5,2
325.79913330078125,35.365264892578125,0.5,0.0,0.0,2
505.0629577636719,202.75465393066406,0.667,0.333,0.5,2
824.4075927734375,747.266357421875,0.0,0.667,0.0,1
795.8850708007812,442.01507568359375,1.0,0.0,0.0,2
656.6722412109375,165.21835327148438,0.85,0.325,0.098,2
1366.47265625,653.9161376953125,0.0,0.0,0.333,1
1260.440673828125,351.6908874511719,1.0,0.667,1.0,2
1240.4114990234375,308.5035095214844,0.466,0.674,0.188,2
1073.0203857421875,117.28309631347656,0.667,0.667,0.5,1
560.7871704101562,92.60062408447266,1.0,0.0,1.0,1
1338.8126220703125,527.778564453125,0.333,0.333,1.0,2
1100.79443359375,320.01611328125,1.0,0.5,0.0,1
267.9683837890625,223.255859375,0.143,0.143,0.143,1
900.585205078125,301.15399169921875,0.466,0.674,0.188,2
791.57421875,303.153076171875,0.466,0.674,0.188,1
139.16571044921875,403.92449951171875,0.0,1.0,0.0,1
581.1700439453125,367.25030517578125,0.0,0.0,0.333,2
1226.71044921875,747.9664306640625,0.333,0.667,1.0,1
94.74118041992188,728.9382934570312,0.667,0.0,1.0,1
837.9649658203125,25.075881958007812,1.0,0.667,1.0,1
694.3519897460938,24.46424102783203,0.0,0.333,1.0,1
231.47454833984375,114.44171142578125,0.143,0.143,0.143,2
614.1741333007812,37.57819366455078,0.667,0.667,0.5,2
1108.9945068359375,11.928747177124023,0.667,0.667,1.0,1
615.6221313476562,20.174667358398438,0.333,0.667,0.5,1

773.9696044921875,579.61181640625,0.667,0.0,0.5,2
944.2911376953125,471.39996337890625,0.143,0.143,0.143,2
501.3585205078125,559.1646728515625,1.0,0.333,1.0,2
1171.9969482421875,189.22799682617188,0.0,1.0,0.5,2
978.3233642578125,340.4012451171875,0.667,0.333,0.0,2
1260.2381591796875,351.09979248046875,1.0,0.667,1.0,2
509.37548828125,202.10250854492188,0.667,0.333,0.5,2
824.9110717773438,747.2618408203125,0.0,0.667,0.0,1
1339.2520751953125,527.6553955078125,0.333,0.333,1.0,2
325.76287841796875,36.1401481628418,0.5,0.0,0.0,1
1366.4510498046875,654.2404174804688,0.0,0.0,0.333,1
1240.482421875,308.61566162109375,0.466,0.674,0.188,2
965.4288940429688,234.9173583984375,1.0,0.333,0.5,2
658.0401000976562,164.0380859375,0.85,0.325,0.098,2
267.5498352050781,224.07843017578125,0.143,0.143,0.143,1
1100.931884765625,318.32501220703125,1.0,0.5,0.0,1
560.855224609375,92.37238311767578,1.0,0.0,1.0,1
796.1298828125,444.5751953125,1.0,0.0,0.0,2
1076.81298828125,117.36534118652344,0.667,0.667,0.5,1
790.6954345703125,300.6835632324219,0.466,0.674,0.188,1
898.3377685546875,306.04443359375,0.466,0.674,0.188,2
138.08738708496094,404.1383972167969,0.0,1.0,0.0,1
580.9345703125,367.32086181640625,0.0,0.0,0.333,1
1229.0771484375,749.18212890625,0.333,0.667,1.0,2
836.1541748046875,25.01557731628418,1.0,0.667,1.0,1
694.7012329101562,27.399383544921875,0.0,0.333,1.0,1
94.65692901611328,729.5916748046875,0.667,0.0,1.0,1
614.222900390625,37.59294128417969,0.667,0.667,0.5,2
615.9321899414062,19.323314666748047,0.333,0.667,0.5,1
231.47854614257812,114.45791625976562,0.143,0.143,0.143,2
1108.986572265625,11.927316665649414,0.667,0.667,1.0,1

772.035400390625,580.9002685546875,0.667,0.0,0.5,1
501.3465881347656,559.09716796875,1.0,0.333,1.0,2
945.7889404296875,471.2679443359375,0.143,0.143,0.143,2
1175.356201171875,189.96009826660156,0.0,1.0,0.5,2
509.2972106933594,202.37437438964844,0.667,0.333,0.5,2
1260.2498779296875,350.5366516113281,1.0,0.667,1.0,2
824.87890625,747.31103515625,0.0,0.667,0.0,1
979.54296875,339.8236083984375,0.667,0.333,0.0,2
329.2025451660156,34.79377746582031,0.5,0.0,0.0,2
794.6016845703125,446.6170654296875,1.0,0.0,0.0,2
268.45849609375,222.96365356445312,0.143,0.143,0.143,1
1338.757568359375,528.321533203125,0.333,0.333,1.0,2
893.3934326171875,300.33917236328125,0.466,0.674,0.188,1
970.094482421875,235.92483520507812,1.0,0.333,0.5,2
1239.9527587890625,308.7243957519531,0.466,0.674,0.188,2
560.7152099609375,92.96713256835938,1.0,0.0,1.0,1
1366.781005859375,653.9535522460938,0.0,0.0,0.333,1
657.69970703125,163.9333038330078,0.85,0.325,0.098,2
1076.5887451171875,116.033447265625,0.667,0.667,0.5,1
1102.40380859375,318.059326171875,1.0,0.5,0.0,1
789.2530517578125,299.85211181640625,0.466,0.674,0.188,1
137.9649200439453,403.6068420410156,0.0,1.0,0.0,1
1231.2607421875,748.7534790039062,0.333,0.667,1.0,2
581.279052734375,366.551513671875,0.0,0.0,0.333,2
836.203857421875,24.865482330322266,1.0,0.667,1.0,2
694.2562255859375,24.514352798461914,0.0,0.333,1.0,1
93.24368286132812,730.14501953125,0.667,0.0,1.0,1
614.3216552734375,38.009552001953125,0.667,0.667,0.5,2
231.5118865966797,114.55049133300781,0.143,0.143,0.143,2
1105.227783203125,9.396390914916992,0.667,0.667,1.0,1

946.5379638671875,471.6434631347656,0.143,0.143,0.143,2
500.2336730957031,558.1510620117188,1.0,0.333,1.0,2
1171.681396484375,189.06298828125,0.0,1.0,0.5,2
769.5380859375,581.9517822265625,0.667,0.0,0.5,1
1339.264404296875,527.5259399414062,0.333,0.333,1.0,2
890.14501953125,301.1107482910156,0.466,0.674,0.188,2
509.2030029296875,202.35610961914062,0.667,0.333,0.5,2
560.9107055664062,92.90572357177734,1.0,0.0,1.0,1
658.6357421875,163.1663360595703,0.85,0.325,0.098,2
980.02587890625,339.17431640625,0.667,0.333,0.0,2
329.18060302734375,35.15322494506836,0.5,0.0,0.0,2
267.46124267578125,223.41195678710938,0.143,0.143,0.143,1
1259.824462890625,351.57666015625,1.0,0.667,1.0,2
1367.29052734375,654.0108032226562,0.0,0.0,0.333,1
825.021484375,747.2596435546875,0.0,0.667,0.0,1
792.2520751953125,450.201416015625,1.0,0.0,0.0,2
965.6171875,235.96218872070312,1.0,0.333,0.5,1
1240.0211181640625,308.5733642578125,0.466,0.674,0.188,2
788.4183349609375,296.74224853515625,0.466,0.674,0.188,1
1073.40771484375,116.52157592773438,0.667,0.667,0.5,1
1103.5177001953125,317.24932861328125,1.0,0.5,0.0,1
139.13055419921875,403.62017822265625,0.0,1.0,0.0,1
1232.751953125,749.042236328125,0.333,0.667,1.0,2
836.00927734375,25.00130844116211,1.0,0.667,1.0,1
581.2353515625,366.225830078125,0.0,0.0,0.333,2
694.2823486328125,24.530580520629883,0.0,0.333,1.0,1
614.336669921875,38.84526062011719,0.667,0.667,0.5,2
615.4307250976562,21.07222557067871,0.333,0.667,0.5,1
231.499267578125,114.51951599121094,0.143,0.143,0.143,2

948.5789794921875,471.54193115234375,0.143,0.143,0.143,2
499.0372314453125,557.008544921875,1.0,0.333,1.0,2
981.4904174804688,337.3799743652344,0.667,0.333,0.0,2
1339.1812744140625,527.99658203125,0.333,0.333,1.0,2
766.6285400390625,581.7828369140625,0.667,0.0,0.5,1
509.6141357421875,202.03814697265625,0.667,0.333,0.5,2
1171.748291015625,188.4588623046875,0.0,1.0,0.5,2
790.6954345703125,453.481689453125,1.0,0.0,0.0,2
325.689208984375,35.4835090637207,0.5,0.0,0.0,2
561.195556640625,92.82736206054688,1.0,0.0,1.0,1
1260.108154296875,351.87322998046875,1.0,0.667,1.0,2
1366.69970703125,654.40283203125,0.0,0.0,0.333,1
965.5692138671875,235.47817993164062,1.0,0.333,0.5,1
267.45745849609375,223.42041015625,0.143,0.143,0.143,1
825.0810546875,747.4432983398438,0.0,0.667,0.0,1
658.748291015625,163.55654907226562,0.85,0.325,0.098,2
1239.933349609375,308.90673828125,0.466,0.674,0.188,2
1105.331787109375,315.4300537109375,1.0,0.5,0.0,1
789.3953247070312,296.135986328125,0.466,0.674,0.188,1
1076.8497314453125,115.62602233886719,0.667,0.667,0.5,1
139.1886444091797,403.45172119140625,0.0,1.0,0.0,1
887.11376953125,300.13165283203125,0.466,0.674,0.188,2
1234.8250732421875,750.3465576171875,0.333,0.667,1.0,2
835.7166748046875,25.003089904785156,1.0,0.667,1.0,2
581.1522216796875,366.1943664550781,0.0,0.0,0.333,2
694.2725219726562,24.486330032348633,0.0,0.333,1.0,1
615.4796142578125,21.13951873779297,0.333,0.667,0.5,1
614.3941040039062,39.422279357910156,0.667,0.667,0.5,2
231.50161743164062,114.51776123046875,0.143,0.143,0.143,2
1105.782958984375,9.74344539642334,0.667,0.667,1.0,1

948.82861328125,470.5653076171875,0.143,0.143,0.143,2
498.1473388671875,557.44287109375,1.0,0.333,1.0,2
763.095458984375,581.972900390625,0.667,0.0,0.5,1
788.3858032226562,457.28106689453125,1.0,0.0,0.0,2
982.3388061523438,337.17596435546875,0.667,0.333,0.0,2
1338.776611328125,527.8828125,0.333,0.333,1.0,2
1175.87744140625,189.03781127929688,0.0,1.0,0.5,2
328.7799072265625,35.36647415161133,0.5,0.0,0.0,2
504.9656066894531,202.17535400390625,0.667,0.333,0.5,2
560.5602416992188,91.98749542236328,1.0,0.0,1.0,1
965.23291015625,235.40692138671875,1.0,0.333,0.5,1
825.109375,747.3494262695312,0.0,0.667,0.0,1
1261.44677734375,352.1580810546875,1.0,0.667,1.0,2
1107.8963623046875,316.5585632324219,1.0,0.5,0.0,1
1366.852783203125,654.078125,0.0,0.0,0.333,1
1240.0185546875,309.12762451171875,0.466,0.674,0.188,2
659.2140502929688,162.30662536621094,0.85,0.325,0.098,2
787.0368041992188,294.98223876953125,0.466,0.674,0.188,2
268.062255859375,224.07272338867188,0.143,0.143,0.143,1
1073.459716796875,115.39265441894531,0.667,0.667,0.5,1
138.77940368652344,403.38433837890625,0.0,1.0,0.0,2
884.03125,298.85589599609375,0.466,0.674,0.188,2
1236.418212890625,751.8892822265625,0.333,0.667,1.0,2
841.94873046875,24.999225616455078,1.0,0.667,1.0,1
580.635986328125,366.04437255859375,0.0,0.0,0.333,2
691.30029296875,24.01970100402832,0.0,0.333,1.0,1
615.845947265625,21.55042839050293,0.333,0.667,0.5,1
231.5203094482422,114.54158020019531,0.143,0.143,0.143,2

949.4425048828125,471.129150390625,0.143,0.143,0.143,2
497.409912109375,557.1708374023438,1.0,0.333,1.0,2
1339.3427734375,527.1240844726562,0.333,0.333,1.0,2
760.5842895507812,583.3785400390625,0.667,0.0,0.5,2
787.358154296875,460.66387939453125,1.0,0.0,0.0,2
1171.650390625,188.8253173828125,0.0,1.0,0.5,2
325.76708984375,34.8919563293457,0.5,0.0,0.0,2
786.6175537109375,295.8375549316406,0.466,0.674,0.188,1
509.89361572265625,202.23997497558594,0.667,0.333,0.5,2
560.4610595703125,92.1690902709961,1.0,0.0,1.0,1
1261.486083984375,351.54998779296875,1.0,0.667,1.0,2
1367.3460693359375,654.0869750976562,0.0,0.0,0.333,1
983.7298583984375,333.76312255859375,0.667,0.333,0.0,2
882.0018310546875,298.60882568359375,0.466,0.674,0.188,2
825.1043090820312,747.3548583984375,0.0,0.667,0.0,1
965.2088623046875,235.30767822265625,1.0,0.333,0.5,2
1240.10595703125,308.5234375,0.466,0.674,0.188,2
659.2734375,162.6676025390625,0.85,0.325,0.098,2
1073.97509765625,114.60655212402344,0.667,0.667,0.5,1
1107.35009765625,314.8151550292969,1.0,0.5,0.0,1
268.49884033203125,223.52806091308594,0.143,0.143,0.143,1
138.64820861816406,404.42108154296875,0.0,1.0,0.0,1
1236.062255859375,751.269287109375,0.333,0.667,1.0,2
581.1506958007812,366.396484375,0.0,0.0,0.333,1
841.9072875976562,24.481592178344727,1.0,0.667,1.0,1
696.7642211914062,24.187883377075195,0.0,0.333,1.0,1
615.380615234375,22.02550506591797,0.333,0.667,0.5,1
231.52252197265625,114.54280090332031,0.143,0.143,0.143,2

950.4818115234375,470.85333251953125,0.143,0.143,0.143,2
502.01690673828125,558.226318359375,1.0,0.333,1.0,1
1339.152099609375,527.2161865234375,0.333,0.333,1.0,2
1367.7823486328125,654.0286865234375,0.0,0.0,0.333,1
1171.2353515625,188.88543701171875,0.0,1.0,0.5,2
881.1862182617188,298.5093994140625,0.466,0.674,0.188,2
985.42236328125,331.39715576171875,0.667,0.333,0.0,2
325.7354736328125,35.7550163269043,0.5,0.0,0.0,2
509.73321533203125,201.5458984375,0.667,0.333,0.5,2
559.7467041015625,92.0772933959961,1.0,0.0,1.0,1
758.5556030273438,584.0770263671875,0.667,0.0,0.5,1
664.202392578125,161.73635864257812,0.85,0.325,0.098,2
1260.9365234375,352.3594055175781,1.0,0.667,1.0,2
825.069580078125,746.8651733398438,0.0,0.667,0.0,1
787.6607666015625,461.739501953125,1.0,0.0,0.0,2
965.6014404296875,235.5184783935547,1.0,0.333,0.5,2
1240.01318359375,309.11529541015625,0.466,0.674,0.188,2
1108.42822265625,313.89569091796875,1.0,0.5,0.0,1
268.017578125,223.5852508544922,0.143,0.143,0.143,1
785.2073974609375,293.66583251953125,0.466,0.674,0.188,1
1076.8079833984375,115.18415832519531,0.667,0.667,0.5,1
138.22341918945312,404.9173583984375,0.0,1.0,0.0,1
1240.7138671875,752.6270751953125,0.333,0.667,1.0,2
835.8536987304688,25.074466705322266,1.0,0.667,1.0,2
581.1690673828125,366.61383056640625,0.0,0.0,0.333,2
693.82421875,23.546361923217773,0.0,0.333,1.0,1
615.7289428710938,18.35266876220703,0.333,0.667,0.5,2
231.53598022460938,114.5622329711914,0.143,0.143,0.143,2

951.0264892578125,470.7998352050781,0.143,0.143,0.143,2
496.02423095703125,557.258056640625,1.0,0.333,1.0,2
1368.7154541015625,654.1257934570312,0.0,0.0,0.333,1
789.6552734375,461.21661376953125,1.0,0.0,0.0,2
1172.116943359375,189.00994873046875,0.0,1.0,0.5,2
879.0587158203125,296.5825500488281,0.466,0.674,0.188,2
787.56396484375,293.76513671875,0.466,0.674,0.188,1
1260.248046875,354.9803466796875,1.0,0.667,1.0,2
509.8790283203125,202.01954650878906,0.667,0.333,0.5,2
325.2650146484375,35.39497375488281,0.5,0.0,0.0,2
560.192138671875,92.38985443115234,1.0,0.0,1.0,1
1339.3238525390625,526.7291259765625,0.333,0.333,1.0,2
659.50439453125,161.91091918945312,0.85,0.325,0.098,2
965.8489990234375,235.51040649414062,1.0,0.333,0.5,2
825.06884765625,746.9017333984375,0.0,0.667,0.0,1
755.779052734375,585.872802734375,0.667,0.0,0.5,1
987.96826171875,333.04791259765625,0.667,0.333,0.0,2
1239.81591796875,309.0648193359375,0.466,0.674,0.188,2
1109.55859375,313.7626647949219,1.0,0.5,0.0,1
268.04248046875,223.0766143798828,0.143,0.143,0.143,1
1077.046875,115.34357452392578,0.667,0.667,0.5,1
139.280517578125,404.5069885253906,0.0,1.0,0.0,1
1240.6953125,752.3204345703125,0.333,0.667,1.0,2
580.9478149414062,365.9874572753906,0.0,0.0,0.333,1
691.331787109375,23.996131896972656,0.0,0.333,1.0,1
835.821533203125,24.527015686035156,1.0,0.667,1.0,2
615.9235229492188,18.69078826904297,0.333,0.667,0.5,2
231.53887939453125,114.57149505615234,0.143,0.143,0.143,2

951.56591796875,470.53253173828125,0.143,0.143,0.143,2
1259.95458984375,356.481201171875,1.0,0.667,1.0,2
876.3250732421875,294.169189453125,0.466,0.674,0.188,2
495.42108154296875,557.2890014648438,1.0,0.333,1.0,2
1171.705322265625,189.33718872070312,0.0,1.0,0.5,2
752.5301513671875,586.7508544921875,0.667,0.0,0.5,1
990.1358642578125,331.7671203613281,0.667,0.333,0.0,2
515.4253540039062,201.4931182861328,0.667,0.333,0.5,2
659.3018798828125,162.2485809326172,0.85,0.325,0.098,2
782.80712890625,292.00396728515625,0.466,0.674,0.188,1
1338.867431640625,527.0115966796875,0.333,0.333,1.0,2
559.9840087890625,92.14481353759766,1.0,0.0,1.0,1
825.2595825195312,746.7900390625,0.0,0.667,0.0,1
328.73779296875,35.4245491027832,0.5,0.0,0.0,2
792.4362182617188,460.5550537109375,1.0,0.0,0.0,2
963.5289306640625,235.46714782714844,1.0,0.333,0.5,2
1364.2567138671875,653.547119140625,0.0,0.0,0.333,1
1239.702392578125,309.0594787597656,0.466,0.674,0.188,2
268.6061706542969,223.645751953125,0.143,0.143,0.143,1
1076.718017578125,115.28800964355469,0.667,0.667,0.5,1
1110.79931640625,313.4477844238281,1.0,0.5,0.0,1
139.36436462402344,404.6114501953125,0.0,1.0,0.0,1
1248.1473388671875,749.8125,0.333,0.667,1.0,1
580.997314453125,366.1053161621094,0.0,0.0,0.333,2
691.3250732421875,23.960609436035156,0.0,0.333,1.0,1
835.717041015625,24.282424926757812,1.0,0.667,1.0,2
616.0363159179688,18.547706604003906,0.333,0.667,0.5,1
231.54190063476562,114.56978607177734,0.143,0.143,0.143,2

951.5482788085938,470.2091064453125,0.143,0.143,0.143,2
991.9943237304688,333.71929931640625,0.667,0.333,0.0,2
496.0668029785156,557.3618774414062,1.0,0.333,1.0,1
748.5460205078125,588.00537109375,0.667,0.0,0.5,2
510.48992919921875,202.37611389160156,0.667,0.333,0.5,2
1172.15185546875,188.41748046875,0.0,1.0,0.5,2
1261.4083251953125,356.36505126953125,1.0,0.667,1.0,2
559.8839111328125,92.23609161376953,1.0,0.0,1.0,1
825.6878051757812,746.8487548828125,0.0,0.667,0.0,1
1338.8809814453125,527.2440185546875,0.333,0.333,1.0,2
1111.08544921875,314.1595153808594,1.0,0.5,0.0,1
1239.6025390625,309.0484924316406,0.466,0.674,0.188,2
875.3970947265625,292.4689636230469,0.466,0.674,0.188,2
268.53607177734375,223.49124145507812,0.143,0.143,0.143,1
1371.0135498046875,654.3543701171875,0.0,0.0,0.333,1
663.0467529296875,162.00022888183594,0.85,0.325,0.098,2
328.5261535644531,35.79157257080078,0.5,0.0,0.0,2
794.8948974609375,460.5021667480469,1.0,0.0,0.0,2
783.3063354492188,290.4728698730469,0.466,0.674,0.188,1
967.50537109375,236.26808166503906,1.0,0.333,0.5,2
1074.2669677734375,114.3959732055664,0.667,0.667,0.5,1
139.34059143066406,405.1214599609375,0.0,1.0,0.0,1
579.2496337890625,366.24517822265625,0.0,0.0,0.333,2
835.4366455078125,24.91053009033203,1.0,0.667,1.0,2
694.4256591796875,27.57026481628418,0.0,0.333,1.0,1
1248.889892578125,752.228515625,0.333,0.667,1.0,2
615.601806640625,18.994705200195312,0.333,0.667,0.5,2
85.6565170288086,729.261474609375,0.0,0.0,0.667,1
231.53868103027344,114.56951141357422,0.143,0.143,0.143,2

744.9638061523438,587.59033203125,0.667,0.0,0.5,1
951.7845458984375,470.4282531738281,0.143,0.143,0.143,2
1262.967529296875,357.9068298339844,1.0,0.667,1.0,2
494.4459228515625,557.377685546875,1.0,0.333,1.0,1
1338.8408203125,527.53173828125,0.333,0.333,1.0,2
1175.74072265625,188.9849090576172,0.0,1.0,0.5,2
511.07806396484375,202.18051147460938,0.667,0.333,0.5,2
662.9440307617188,164.24012756347656,0.85,0.325,0.098,2
825.2196044921875,747.2891845703125,0.0,0.667,0.0,1
559.88671875,91.70325469970703,1.0,0.0,1.0,1
781.463134765625,286.6363525390625,0.466,0.674,0.188,1
874.8255615234375,290.646728515625,0.466,0.674,0.188,2
967.2640380859375,236.34495544433594,1.0,0.333,0.5,2
1239.562255859375,309.10906982421875,0.466,0.674,0.188,2
328.5295715332031,35.028499603271484,0.5,0.0,0.0,2
795.7283325195312,459.8408508300781,1.0,0.0,0.0,2
268.68359375,224.00347900390625,0.143,0.143,0.143,1
1111.4130859375,316.04669189453125,1.0,0.5,0.0,1
992.5008544921875,331.79949951171875,0.667,0.333,0.0,2
1369.4100341796875,654.0247192382812,0.0,0.0,0.333,1
138.87338256835938,404.8735046386719,0.0,1.0,0.0,2
1074.07568359375,114.32623291015625,0.667,0.667,0.5,1
1250.317626953125,753.09375,0.333,0.667,1.0,2
581.4498291015625,367.71258544921875,0.0,0.0,0.333,1
835.4039306640625,24.968643188476562,1.0,0.667,1.0,2
694.4232177734375,27.571748733520508,0.0,0.333,1.0,1
615.6174926757812,18.95501708984375,0.333,0.667,0.5,2
85.60038757324219,728.3965454101562,0.0,0.0,0.667,1
231.53521728515625,114.56608581542969,0.143,0.143,0.143,2

1262.66748046875,358.5990295410156,1.0,0.667,1.0,2
1339.315185546875,527.8236083984375,0.333,0.333,1.0,2
493.4775390625,558.0703125,1.0,0.333,1.0,1
963.642822265625,235.19883728027344,1.0,0.333,0.5,2
505.7706604003906,202.26797485351562,0.667,0.333,0.5,2
1175.5460205078125,189.01644897460938,0.0,1.0,0.5,2
951.5313720703125,469.16912841796875,0.143,0.143,0.143,2
824.7098388671875,747.287109375,0.0,0.667,0.0,1
560.5189208984375,91.8108901977539,1.0,0.0,1.0,1
658.7392578125,164.22991943359375,0.85,0.325,0.098,2
328.72406005859375,35.71963882446289,0.5,0.0,0.0,2
1239.511962890625,308.2021179199219,0.466,0.674,0.188,2
993.959716796875,332.4315185546875,0.667,0.333,0.0,2
268.8977966308594,223.45033264160156,0.143,0.143,0.143,1
742.917236328125,589.980224609375,0.667,0.0,0.5,1
138.9815673828125,405.0646667480469,0.0,1.0,0.0,1
797.0975952148438,458.50543212890625,1.0,0.0,0.0,2
1111.9505615234375,318.65777587890625,1.0,0.5,0.0,1
781.2088623046875,286.37921142578125,0.466,0.674,0.188,1
1074.677490234375,114.30664825439453,0.667,0.667,0.5,1
873.0820922851562,289.6171569824219,0.466,0.674,0.188,2
1253.47509765625,753.705078125,0.333,0.667,1.0,2
1371.93798828125,662.069580078125,0.0,0.0,0.333,2
581.404296875,367.41888427734375,0.0,0.0,0.333,1
694.4536743164062,27.30571746826172,0.0,0.333,1.0,1
836.2307739257812,25.309337615966797,1.0,0.667,1.0,1
615.57177734375,19.02608299255371,0.333,0.667,0.5,1
85.22403717041016,728.4404296875,0.0,0.0,0.667,1
231.53602600097656,114.56878662109375,0.143,0.143,0.143,2

1262.899658203125,358.59356689453125,1.0,0.667,1.0,2
994.43896484375,331.4481506347656,0.667,0.333,0.0,2
740.2901611328125,591.015869140625,0.667,0.0,0.5,1
492.42724609375,559.900634765625,1.0,0.333,1.0,2
951.3753662109375,469.745361328125,0.143,0.143,0.143,2
658.1541137695312,163.62188720703125,0.85,0.325,0.098,2
1339.529296875,528.6060180664062,0.333,0.333,1.0,2
1175.9482421875,189.12826538085938,0.0,1.0,0.5,2
780.407958984375,285.3453369140625,0.466,0.674,0.188,1
560.736328125,91.80752563476562,1.0,0.0,1.0,1
139.0689697265625,404.6687927246094,0.0,1.0,0.0,1
1239.07958984375,308.5234680175781,0.466,0.674,0.188,2
510.1358642578125,202.0088653564453,0.667,0.333,0.5,2
967.8410034179688,236.95379638671875,1.0,0.333,0.5,2
328.7003479003906,35.04557800292969,0.5,0.0,0.0,2
825.0496826171875,747.1279296875,0.0,0.667,0.0,1
800.995361328125,460.100341796875,1.0,0.0,0.0,2
268.36590576171875,223.61184692382812,0.143,0.143,0.143,1
872.0070190429688,288.67626953125,0.466,0.674,0.188,2
1077.753173828125,115.26374816894531,0.667,0.667,0.5,1
1371.9090576171875,655.2420043945312,0.0,0.0,0.333,1
1112.928955078125,323.5604553222656,1.0,0.5,0.0,1
580.810546875,367.78564453125,0.0,0.0,0.333,2
691.3804931640625,24.539079666137695,0.0,0.333,1.0,1
836.25537109375,25.279457092285156,1.0,0.667,1.0,1
616.6439208984375,17.086753845214844,0.333,0.667,0.5,1
1253.797119140625,753.3253173828125,0.333,0.667,1.0,2
90.6820068359375,723.9215698242188,0.0,0.0,0.667,1
231.5357666015625,114.56809997558594,0.143,0.143,0.143,2

951.2977294921875,469.13836669921875,0.143,0.143,0.143,2
966.6513671875,235.71458435058594,1.0,0.333,0.5,1
1175.94775390625,189.07456970214844,0.0,1.0,0.5,2
735.88037109375,591.6868896484375,0.667,0.0,0.5,1
994.965576171875,330.875,0.667,0.333,0.0,2
560.5481567382812,91.82103729248047,1.0,0.0,1.0,1
824.987548828125,746.7870483398438,0.0,0.667,0.0,1
659.14794921875,165.97500610351562,0.85,0.325,0.098,2
1340.551513671875,530.2660522460938,0.333,0.333,1.0,2
511.2297668457031,201.7584228515625,0.667,0.333,0.5,2
328.153076171875,34.753604888916016,0.5,0.0,0.0,2
1239.10791015625,308.99945068359375,0.466,0.674,0.188,2
139.07827758789062,404.757568359375,0.0,1.0,0.0,1
491.6920471191406,560.57568359375,1.0,0.333,1.0,1
1262.068359375,358.70501708984375,1.0,0.667,1.0,2
779.8731689453125,286.5241394042969,0.466,0.674,0.188,1
268.567626953125,223.6717529296875,0.143,0.143,0.143,1
1077.83984375,114.7917251586914,0.667,0.667,0.5,1
870.940185546875,288.29443359375,0.466,0.674,0.188,2
798.5201416015625,457.025634765625,1.0,0.0,0.0,2
1253.650390625,752.179931640625,0.333,0.667,1.0,2
1116.5224609375,322.92083740234375,1.0,0.5,0.0,1
1373.687255859375,662.0615234375,0.0,0.0,0.333,1
580.6527099609375,368.2051696777344,0.0,0.0,0.333,2
836.2589111328125,25.174198150634766,1.0,0.667,1.0,1
691.5338134765625,23.914867401123047,0.0,0.333,1.0,1
615.4549560546875,23.069198608398438,0.333,0.667,0.5,1
85.59963989257812,728.326416015625,0.0,0.0,0.667,1
231.5340576171875,114.55622863769531,0.143,0.143,0.143,2

952.261962890625,470.44757080078125,0.143,0.143,0.143,2
730.463623046875,593.460205078125,0.667,0.0,0.5,2
1261.98828125,358.39251708984375,1.0,0.667,1.0,2
778.396484375,280.97833251953125,0.466,0.674,0.188,1
560.2030029296875,91.73822021484375,1.0,0.0,1.0,1
966.59326171875,236.99649047851562,1.0,0.333,0.5,2
824.4473876953125,747.3475341796875,0.0,0.667,0.0,1
1238.570068359375,308.9079284667969,0.466,0.674,0.188,2
328.1334228515625,35.01399230957031,0.5,0.0,0.0,2
506.2944030761719,202.0450439453125,0.667,0.333,0.5,2
1000.441162109375,330.88665771484375,0.667,0.333,0.0,2
1171.865966796875,188.15142822265625,0.0,1.0,0.5,2
1341.853271484375,531.31298828125,0.333,0.333,1.0,2
491.239501953125,563.3331298828125,1.0,0.333,1.0,2
656.1566162109375,165.55482482910156,0.85,0.325,0.098,2
268.56927490234375,223.5347137451172,0.143,0.143,0.143,1
869.4031982421875,286.9111633300781,0.466,0.674,0.188,2
1074.37060546875,114.76666259765625,0.667,0.667,0.5,1
139.18649291992188,404.7779846191406,0.0,1.0,0.0,1
800.2200927734375,454.8117370605469,1.0,0.0,0.0,2
1373.310546875,663.4136962890625,0.0,0.0,0.333,1
580.6384887695312,368.4813232421875,0.0,0.0,0.333,2
1256.839111328125,751.035400390625,0.333,0.667,1.0,2
1117.6812744140625,323.6470947265625,1.0,0.5,0.0,1
837.6844482421875,25.26689910888672,1.0,0.667,1.0,1
694.4609375,27.444316864013672,0.0,0.333,1.0,1
614.948486328125,18.924592971801758,0.333,0.667,0.5,2
231.5301513671875,114.547119140625,0.143,0.143,0.143,2

1263.7122802734375,357.2374267578125,1.0,0.667,1.0,2
967.5877685546875,235.53414916992188,1.0,0.333,0.5,1
511.6107482910156,202.0503387451172,0.667,0.333,0.5,2
728.1055297851562,594.84326171875,0.667,0.0,0.5,1
953.2039794921875,469.82476806640625,0.143,0.143,0.143,2
560.8975830078125,91.79802703857422,1.0,0.0,1.0,1
655.6788330078125,166.44219970703125,0.85,0.325,0.098,2
1238.508056640625,308.36376953125,0.466,0.674,0.188,2
824.598388671875,747.227783203125,0.0,0.667,0.0,1
328.2142333984375,34.987403869628906,0.5,0.0,0.0,2
1172.3447265625,188.05911254882812,0.0,1.0,0.5,2
1343.5499267578125,533.7222290039062,0.333,0.333,1.0,2
996.665771484375,329.2840576171875,0.667,0.333,0.0,2
799.4912719726562,452.6159362792969,1.0,0.0,0.0,2
1074.285888671875,115.16119384765625,0.667,0.667,0.5,1
869.1263427734375,286.9518737792969,0.466,0.674,0.188,2
489.3352355957031,565.2482299804688,1.0,0.333,1.0,2
772.8272705078125,281.4281005859375,0.466,0.674,0.188,1
268.1332092285156,223.9605255126953,0.143,0.143,0.143,1
138.63125610351562,404.79400634765625,0.0,1.0,0.0,2
1258.554931640625,750.1879272460938,0.333,0.667,1.0,2
578.3590698242188,368.0733642578125,0.0,0.0,0.333,1
1112.566650390625,321.8406982421875,1.0,0.5,0.0,1
835.634765625,24.921825408935547,1.0,0.667,1.0,2
694.4720458984375,27.435504913330078,0.0,0.333,1.0,1
1374.2193603515625,657.286865234375,0.0,0.0,0.333,1
615.124755859375,18.560468673706055,0.333,0.667,0.5,2

511.50042724609375,202.07179260253906,0.667,0.333,0.5,2
953.999755859375,469.8307800292969,0.143,0.143,0.143,2
800.0368041992188,451.52294921875,1.0,0.0,0.0,2
1265.9207763671875,357.99053955078125,1.0,0.667,1.0,2
659.3507080078125,165.11813354492188,0.85,0.325,0.098,2
1238.6256103515625,308.241455078125,0.466,0.674,0.188,2
967.1798095703125,235.8180389404297,1.0,0.333,0.5,1
328.1285705566406,34.773616790771484,0.5,0.0,0.0,2
723.6077880859375,594.325439453125,0.667,0.0,0.5,2
824.8175659179688,747.23974609375,0.0,0.667,0.0,1
560.5355834960938,92.32598114013672,1.0,0.0,1.0,1
1175.815185546875,189.1064453125,0.0,1.0,0.5,2
997.5703125,327.5224609375,0.667,0.333,0.0,2
774.2982177734375,279.0390930175781,0.466,0.674,0.188,1
869.0162353515625,287.0845642089844,0.466,0.674,0.188,2
1344.70654296875,534.819580078125,0.333,0.333,1.0,2
1078.1807861328125,116.36609649658203,0.667,0.667,0.5,1
267.9759216308594,223.63735961914062,0.143,0.143,0.143,1
138.88323974609375,404.5165710449219,0.0,1.0,0.0,2
487.26177978515625,566.5728759765625,1.0,0.333,1.0,2
578.1447143554688,368.5385437011719,0.0,0.0,0.333,1
1260.64892578125,750.239990234375,0.333,0.667,1.0,2
1117.0113525390625,323.35125732421875,1.0,0.5,0.0,1
836.0977783203125,25.442398071289062,1.0,0.667,1.0,1
691.5224609375,23.89685821533203,0.0,0.333,1.0,1
615.1096801757812,18.92462158203125,0.333,0.667,0.5,2
91.37974548339844,728.2105102539062,0.0,0.0,0.667,1

719.0819091796875,591.87451171875,0.667,0.0,0.5,2
506.6099853515625,202.3909912109375,0.667,0.333,0.5,2
770.3046264648438,277.5371398925781,0.466,0.674,0.188,1
800.7664794921875,448.38873291015625,1.0,0.0,0.0,2
1266.303466796875,360.5798645019531,1.0,0.667,1.0,2
953.843505859375,468.65631103515625,0.143,0.143,0.143,2
1238.079345703125,308.4481201171875,0.466,0.674,0.188,2
824.2687377929688,747.1741943359375,0.0,0.667,0.0,1
328.100830078125,34.717498779296875,0.5,0.0,0.0,2
564.1083374023438,91.0317153930664,1.0,0.0,1.0,1
1175.750244140625,189.04409790039062,0.0,1.0,0.5,2
965.7972412109375,236.51641845703125,1.0,0.333,0.5,2
656.6084594726562,168.0180206298828,0.85,0.325,0.098,2
138.92123413085938,404.7297668457031,0.0,1.0,0.0,1
1345.8072509765625,536.3981323242188,0.333,0.333,1.0,2
868.375732421875,287.0641784667969,0.466,0.674,0.188,2
1074.04541015625,116.24568176269531,0.667,0.667,0.5,1
998.74365234375,327.72674560546875,0.667,0.333,0.0,2
268.44537353515625,224.2419891357422,0.143,0.143,0.143,1
484.7113342285156,567.160400390625,1.0,0.333,1.0,2
1262.276123046875,750.6593017578125,0.333,0.667,1.0,2
1121.799560546875,323.7276306152344,1.0,0.5,0.0,1
578.0059204101562,368.5675964355469,0.0,0.0,0.333,1
836.1036376953125,25.44232940673828,1.0,0.667,1.0,1
694.4519653320312,27.446590423583984,0.0,0.333,1.0,1
615.1033935546875,18.893875122070312,0.333,0.667,0.5,2

715.7694091796875,588.779541015625,0.667,0.0,0.5,2
1266.947021484375,359.3225402832031,1.0,0.667,1.0,2
801.5213623046875,446.6722106933594,1.0,0.0,0.0,2
953.7686157226562,468.00177001953125,0.143,0.143,0.143,2
511.32244873046875,202.0996856689453,0.667,0.333,0.5,2
1348.0062255859375,537.0857543945312,0.333,0.333,1.0,2
1001.4271240234375,326.8087158203125,0.667,0.333,0.0,2
768.5394287109375,275.95770263671875,0.466,0.674,0.188,1
965.68505859375,236.2727508544922,1.0,0.333,0.5,2
328.15850830078125,34.7512092590332,0.5,0.0,0.0,2
1175.95947265625,189.03897094726562,0.0,1.0,0.5,2
655.264892578125,170.1253662109375,0.85,0.325,0.098,2
824.2405395507812,747.1803588867188,0.0,0.667,0.0,1
560.73046875,91.25711059570312,1.0,0.0,1.0,1
1238.610107421875,308.66436767578125,0.466,0.674,0.188,2
1077.570556640625,116.53620910644531,0.667,0.667,0.5,1
867.6529541015625,287.84228515625,0.466,0.674,0.188,2
138.974853515625,404.74737548828125,0.0,1.0,0.0,2
484.9015808105469,568.358642578125,1.0,0.333,1.0,2
268.32354736328125,224.45098876953125,0.143,0.143,0.143,1
1117.6103515625,323.910888671875,1.0,0.5,0.0,1
577.5439453125,367.631103515625,0.0,0.0,0.333,1
836.116943359375,25.397048950195312,1.0,0.667,1.0,1
694.4728393554688,27.4742431640625,0.0,0.333,1.0,1
1264.449462890625,751.6282348632812,0.333,0.667,1.0,2
614.61083984375,18.82476806640625,0.333,0.667,0.5,2

711.4150390625,585.2050170898438,0.667,0.0,0.5,2
801.4653930664062,443.98211669921875,1.0,0.0,0.0,2
654.8226318359375,170.10940551757812,0.85,0.325,0.098,2
506.9794006347656,202.29139709472656,0.667,0.333,0.5,2
1268.6051025390625,360.3903503417969,1.0,0.667,1.0,2
1176.07421875,189.08432006835938,0.0,1.0,0.5,2
328.14520263671875,34.7264404296875,0.5,0.0,0.0,2
561.7411499023438,92.59171295166016,1.0,0.0,1.0,1
1239.18408203125,308.3792419433594,0.466,0.674,0.188,2
966.474853515625,235.39755249023438,1.0,0.333,0.5,1
824.2197265625,747.051025390625,0.0,0.667,0.0,1
1001.2877197265625,326.7669982910156,0.667,0.333,0.0,2
953.9747314453125,468.7464599609375,0.143,0.143,0.143,2
1352.839111328125,537.0003051757812,0.333,0.333,1.0,2
769.699951171875,273.8792419433594,0.466,0.674,0.188,1
866.2940673828125,286.6807556152344,0.466,0.674,0.188,2
480.6597595214844,564.5863647460938,1.0,0.333,1.0,1
1077.4344482421875,117.39244079589844,0.667,0.667,0.5,1
268.9914855957031,222.98281860351562,0.143,0.143,0.143,1
138.95932006835938,405.14080810546875,0.0,1.0,0.0,1
1121.140625,324.8631896972656,1.0,0.5,0.0,1
577.4085083007812,368.1947326660156,0.0,0.0,0.333,1
694.4971923828125,27.45608139038086,0.0,0.333,1.0,1
1265.547607421875,751.1380615234375,0.333,0.667,1.0,2
835.7767333984375,24.92690658569336,1.0,0.667,1.0,2
614.634521484375,18.885181427001953,0.333,0.667,0.5,2

707.52880859375,583.3719482421875,0.667,0.0,0.5,2
799.1419677734375,441.368896484375,1.0,0.0,0.0,2
953.5067138671875,469.50579833984375,0.143,0.143,0.143,2
481.5750732421875,564.64111328125,1.0,0.333,1.0,1
865.9066772460938,286.6839599609375,0.466,0.674,0.188,2
512.14208984375,202.4287567138672,0.667,0.333,0.5,2
558.315185546875,93.35445404052734,1.0,0.0,1.0,1
824.139892578125,746.9177856445312,0.0,0.667,0.0,1
1176.100830078125,189.31150817871094,0.0,1.0,0.5,2
1269.094970703125,362.0614318847656,1.0,0.667,1.0,2
655.1395874023438,171.36495971679688,0.85,0.325,0.098,2
325.56005859375,35.70439147949219,0.5,0.0,0.0,2
966.2870483398438,235.85269165039062,1.0,0.333,0.5,1
1357.109619140625,536.9757080078125,0.333,0.333,1.0,2
1239.323974609375,309.328857421875,0.466,0.674,0.188,2
768.6981201171875,273.0555419921875,0.466,0.674,0.188,1
1004.744140625,327.07586669921875,0.667,0.333,0.0,2
269.94439697265625,222.65846252441406,0.143,0.143,0.143,1
1073.490234375,116.49845123291016,0.667,0.667,0.5,1
138.61276245117188,404.6205749511719,0.0,1.0,0.0,1
1121.51318359375,323.09210205078125,1.0,0.5,0.0,1
1268.3726806640625,752.65283203125,0.333,0.667,1.0,2
580.5684814453125,368.38543701171875,0.0,0.0,0.333,1
837.833984375,25.427711486816406,1.0,0.667,1.0,1
694.4896240234375,27.466285705566406,0.0,0.333,1.0,1
614.6239013671875,18.92977523803711,0.333,0.667,0.5,2
231.53338623046875,114.49112701416016,0.0,1.0,0.5,2

705.5508422851562,583.431396484375,0.667,0.0,0.5,1
797.716796875,439.61383056640625,1.0,0.0,0.0,2
954.5409545898438,469.6971435546875,0.143,0.143,0.143,2
1240.398193359375,310.9146423339844,0.466,0.674,0.188,2
512.1141357421875,202.54336547851562,0.667,0.333,0.5,2
823.668212890625,746.8272094726562,0.0,0.667,0.0,1
864.5921630859375,285.8627624511719,0.466,0.674,0.188,2
1175.943359375,189.74900817871094,0.0,1.0,0.5,2
1269.17724609375,364.0810546875,1.0,0.667,1.0,2
475.8840026855469,560.0205078125,1.0,0.333,1.0,1
328.592529296875,35.19144821166992,0.5,0.0,0.0,2
557.8056640625,94.96322631835938,1.0,0.0,1.0,1
655.05078125,171.38406372070312,0.85,0.325,0.098,2
966.58740234375,235.99130249023438,1.0,0.333,0.5,1
1002.3068237304688,327.2652893066406,0.667,0.333,0.0,2
1073.281005859375,115.78277587890625,0.667,0.667,0.5,1
269.5581359863281,222.83901977539062,0.143,0.143,0.143,1
767.361328125,272.4509582519531,0.466,0.674,0.188,1
1357.709228515625,537.0706176757812,0.333,0.333,1.0,2
138.93487548828125,404.7467956542969,0.0,1.0,0.0,1
1118.298095703125,325.2076416015625,1.0,0.5,0.0,1
578.065673828125,368.797119140625,0.0,0.0,0.333,1
694.486328125,27.47278594970703,0.0,0.333,1.0,1
837.3272705078125,24.895463943481445,1.0,0.667,1.0,1
615.1367797851562,18.941783905029297,0.333,0.667,0.5,2
1271.033447265625,752.30078125,0.333,0.667,1.0,2
231.53662109375,114.4999771118164,0.0,1.0,0.5,2

796.593994140625,439.32275390625,1.0,0.0,0.0,2
702.78125,581.5614013671875,0.667,0.0,0.5,1
954.7412109375,469.90374755859375,0.143,0.143,0.143,2
1241.082763671875,311.5420227050781,0.466,0.674,0.188,2
1175.8631591796875,190.1748046875,0.0,1.0,0.5,2
969.3602294921875,236.0023956298828,1.0,0.333,0.5,2
864.319091796875,283.8806457519531,0.466,0.674,0.188,2
1269.5997314453125,365.914794921875,1.0,0.667,1.0,2
512.1409912109375,202.74285888671875,0.667,0.333,0.5,2
328.583984375,35.332054138183594,0.5,0.0,0.0,2
823.173828125,747.1964721679688,0.0,0.667,0.0,1
473.67315673828125,558.9736328125,1.0,0.333,1.0,2
655.96240234375,170.78346252441406,0.85,0.325,0.098,2
561.3607177734375,93.4229736328125,1.0,0.0,1.0,1
1073.451416015625,116.47537231445312,0.667,0.667,0.5,1
1360.2625732421875,536.5426025390625,0.333,0.333,1.0,2
766.8612670898438,270.45135498046875,0.466,0.674,0.188,1
1004.3759765625,325.5645446777344,0.667,0.333,0.0,2
268.92864990234375,223.88943481445312,0.143,0.143,0.143,1
138.97030639648438,404.6058044433594,0.0,1.0,0.0,1
1118.8232421875,322.86431884765625,1.0,0.5,0.0,1
578.09765625,368.4451599121094,0.0,0.0,0.333,1
694.4893188476562,27.461597442626953,0.0,0.333,1.0,1
837.8223876953125,25.469009399414062,1.0,0.667,1.0,1
615.66162109375,18.883560180664062,0.333,0.667,0.5,1
231.5332794189453,114.49201965332031,0.0,1.0,0.5,2
1102.5802001953125,5.730938911437988,0.0,0.0,1.0,1

954.949462890625,469.95501708984375,0.143,0.143,0.143,2
794.34521484375,439.539306640625,1.0,0.0,0.0,2
1241.690673828125,311.3456115722656,0.466,0.674,0.188,2
1173.5145263671875,189.35865783691406,0.0,1.0,0.5,2
1270.63232421875,368.2089538574219,1.0,0.667,1.0,2
328.6304931640625,35.36499786376953,0.5,0.0,0.0,2
702.1676635742188,577.9546508789062,0.667,0.0,0.5,1
512.6019287109375,202.45115661621094,0.667,0.333,0.5,2
477.2231140136719,557.4105224609375,1.0,0.333,1.0,1
823.86083984375,746.71337890625,0.0,0.667,0.0,1
863.7197265625,281.6850280761719,0.466,0.674,0.188,2
965.8136596679688,236.51780700683594,1.0,0.333,0.5,2
1006.8333740234375,323.48895263671875,0.667,0.333,0.0,2
655.886962890625,169.43724060058594,0.85,0.325,0.098,2
561.046875,93.71279907226562,1.0,0.0,1.0,1
138.8419952392578,405.0093688964844,0.0,1.0,0.0,1
1361.63330078125,536.4517822265625,0.333,0.333,1.0,2
269.82769775390625,222.02664184570312,0.143,0.143,0.143,1
1072.926025390625,116.75430297851562,0.667,0.667,0.5,1
763.9058227539062,267.66583251953125,0.466,0.674,0.188,1
1120.14013671875,324.61334228515625,1.0,0.5,0.0,1
1272.24072265625,751.0036010742188,0.333,0.667,1.0,2
578.7142944335938,368.153564453125,0.0,0.0,0.333,1
694.4822998046875,27.453197479248047,0.0,0.333,1.0,1
837.8538818359375,25.438209533691406,1.0,0.667,1.0,1
615.1179809570312,18.722728729248047,0.333,0.667,0.5,2
93.52586364746094,729.8526000976562,0.333,0.667,1.0,1
231.53692626953125,114.48884582519531,0.0,1.0,0.5,2
1102.27099609375,5.707837104797363,0.0,0.0,1.0,1

956.387939453125,470.345458984375,0.143,0.143,0.143,2
793.2052001953125,439.0367431640625,1.0,0.0,0.0,2
1271.837646484375,369.7362976074219,1.0,0.667,1.0,2
1242.369873046875,313.0865173339844,0.466,0.674,0.188,2
478.3472900390625,557.1573486328125,1.0,0.333,1.0,1
512.1923217773438,202.1021270751953,0.667,0.333,0.5,2
1176.6566162109375,189.91802978515625,0.0,1.0,0.5,2
965.1162109375,235.95864868164062,1.0,0.333,0.5,2
823.4957275390625,746.979736328125,0.0,0.667,0.0,1
561.4204711914062,95.5020523071289,1.0,0.0,1.0,1
698.7777099609375,576.734375,0.667,0.0,0.5,2
328.45941162109375,35.34685516357422,0.5,0.0,0.0,2
862.3980712890625,281.79229736328125,0.466,0.674,0.188,2
1365.4366455078125,536.185546875,0.333,0.333,1.0,2
1004.8091430664062,325.420166015625,0.667,0.333,0.0,2
269.79827880859375,221.64532470703125,0.143,0.143,0.143,1
655.6480712890625,168.49302673339844,0.85,0.325,0.098,2
1073.24072265625,117.2213134765625,0.667,0.667,0.5,1
138.20010375976562,404.9564514160156,0.0,1.0,0.0,1
763.771484375,265.66241455078125,0.466,0.674,0.188,1
1120.84912109375,326.61572265625,1.0,0.5,0.0,1
578.50244140625,368.33331298828125,0.0,0.0,0.333,1
1275.9490966796875,751.4465942382812,0.333,0.667,1.0,2
694.4803466796875,27.44931983947754,0.0,0.333,1.0,1
837.867431640625,25.404396057128906,1.0,0.667,1.0,1
93.72103881835938,731.4324951171875,0.333,0.667,1.0,1
615.1051025390625,18.805652618408203,0.333,0.667,0.5,2
231.54067993164062,114.49462890625,0.0,1.0,0.5,2
1102.034912109375,5.676539897918701,0.0,0.0,1.0,1
